newstest.hyp1: 0.48502424060232635
newstest.hyp2: 0.47680068042574375
newstest.hyp3: 0.1856523104809651
