newstest.hyp1: 0.22508033823507634
newstest.hyp2: 0.23011536126290222
newstest.hyp3: 0.43518888740799977
