newstest.hyp1: 0.3644912405408207
newstest.hyp2: 0.37188087727871816
newstest.hyp3: 0.6282968294163815
